NR= 2475 minx= -0.00154607 minxi= 96 maxx= 1 maxxi= 497 miny= -0.00691203 minyi= 1634 maxy= 0.0756792 maxyi= 960 minres= -0.978163 minresi= 497 maxres= 0.0179693 maxresi= 1097
xvar= 0.0379514 xstdev= 0.194811 yvar= 0.000136548 ystdev= 0.0116854 resvar= 0.0345222 resstdev= 0.185802 xycovar= 0.00178286
r= 0.783177 r2= 0.613367 a= 0.0469774 b= 0.00254914 alpha= 0.00254914 beta= 0.0469774
sx= 432.412 sy= 26.6227 sxx= 169.477 sxy= 9.06388 syy= 0.624328
se2= 5.28368e-05 sb2= 5.62514e-07 sa2= 3.85185e-08 sresNR= -0.163955
