NR= 2475 minx= -0.00154607 minxi= 96 maxx= 1 maxxi= 497 miny= -0.0154985 minyi= 206 maxy= 0.229425 maxyi= 178 minres= -0.895338 minresi= 167 maxres= 0.0267913 maxresi= 1959
xvar= 0.0379514 xstdev= 0.194811 yvar= 0.00137945 ystdev= 0.037141 resvar= 0.0259583 resstdev= 0.161116 xycovar= 0.0066863
r= 0.924099 r2= 0.853959 a= 0.17618 b= 0.00403786 alpha= 0.00403786 beta= 0.17618
sx= 432.412 sy= 86.1762 sxx= 169.477 sxy= 31.6046 syy= 6.41468
se2= 0.00020162 sb2= 2.1465e-06 sa2= 1.46983e-07 sresNR= -0.139893
